camera_matrix:
- [664.7211825415567, 0.0, 317.3921919159882]
- [0.0, 691.198929500097, 126.51775727462606]
- [0.0, 0.0, 1.0]
dist_coeff:
- [-0.011033737091151173, -0.11658404115426543, -0.05114385775150838, 0.004582003377583257,
  -0.32330140815324443]
rvecs_coeff:
- - [0.049590840526246405]
  - [-0.029349862146740686]
  - [0.32319667849289024]
- - [-0.10087629840093436]
  - [0.008678697007057552]
  - [-2.804402503528828]
- - [-0.1389406367891875]
  - [-0.11487357275936243]
  - [-2.7196170395812995]
- - [-1.263178369000074]
  - [-0.023745201740885045]
  - [2.910448525251553]
- - [-1.0673238840814219]
  - [0.12658862490763206]
  - [2.9569315059685124]
- - [-0.6257039074221152]
  - [0.6682961837001296]
  - [0.26232377510930255]
- - [-0.5595885741872003]
  - [0.6468913507854354]
  - [0.27042405938354197]
- - [-0.45448693838760645]
  - [0.63519020856785]
  - [0.2679588780696103]
- - [-0.426499376825477]
  - [0.5921836814041599]
  - [0.27989530039737653]
- - [-0.40633558685255455]
  - [0.5902009269402114]
  - [0.26854403830971835]
tvecs_coeff:
- - [-1.4648644863302984]
  - [-2.9408838212488417]
  - [17.55209485349256]
- - [1.7824072229504362]
  - [6.177433138103193]
  - [19.513705734192296]
- - [2.604181398511811]
  - [8.484571125961864]
  - [19.41770347427548]
- - [-3.151348800016462]
  - [6.113614921490335]
  - [23.482958812600792]
- - [-2.230714479390313]
  - [6.339242434405134]
  - [23.217836061569997]
- - [4.814741859197785]
  - [9.019713456830617]
  - [32.81733297253024]
- - [5.047390641698376]
  - [9.08464655216854]
  - [33.4030507286972]
- - [5.0816748858743015]
  - [8.977608378996088]
  - [33.55203764971204]
- - [4.909981746458436]
  - [9.08302774431099]
  - [33.87254623324817]
- - [5.211672558890148]
  - [9.052859180072526]
  - [33.94230458687292]
