camera_matrix:
- [600.6255535316362, 0.0, 311.60236623199575]
- [0.0, 603.9897787889217, 213.73355826026753]
- [0.0, 0.0, 1.0]
dist_coeff:
- [-0.37913304236703405, 1.6857137944148473, -0.0007935881569973667, 0.010639980141248565,
  -3.089414296810449]
rvecs_coeff:
- - [0.1661902218849827]
  - [0.49978788685816433]
  - [-2.563888019754729]
- - [-0.7143899089478672]
  - [0.28516045484190916]
  - [0.47674907322828985]
- - [-0.7542867711405804]
  - [0.26719826292681464]
  - [0.5043475192111188]
- - [-0.7836756149756002]
  - [0.24634460391343244]
  - [0.5050755052347705]
- - [-0.18102638137239283]
  - [-0.0478045942908813]
  - [-2.771808773238814]
- - [-0.1908893220573414]
  - [-0.036254998129278154]
  - [-2.7760538851300396]
- - [-0.19270951464795524]
  - [-0.04288811001123043]
  - [-2.773552364506748]
- - [-0.1815524866796281]
  - [-0.03381342377032288]
  - [-2.7704337834993638]
- - [-0.17535491180899823]
  - [-0.03127454696625127]
  - [-2.770221440116252]
- - [-0.17473657470145176]
  - [-0.036190591509212444]
  - [-2.770907579498685]
- - [-0.1757577788230213]
  - [-0.03669900808697909]
  - [-2.77235123822097]
- - [-0.18004242432677864]
  - [-0.036010148920363944]
  - [-2.774047393219495]
- - [-0.18315633974261444]
  - [-0.038319595887823944]
  - [-2.775633956906353]
- - [-0.1871402465008958]
  - [-0.03722761660563244]
  - [-2.777306238980479]
- - [-0.18964724128226756]
  - [-0.03888392753983401]
  - [-2.778551181586301]
- - [-0.19163579738704595]
  - [-0.040283930488619536]
  - [-2.779311676156989]
- - [-0.014105008981006292]
  - [0.12506781585099097]
  - [0.3544002058981838]
- - [-0.012409813523874776]
  - [0.124736975893625]
  - [0.35519893398485475]
- - [-0.18933848234763398]
  - [-0.03199443863061237]
  - [-2.7779056893482794]
- - [-0.17462328249844394]
  - [0.00261453320448507]
  - [-2.7758813253440406]
tvecs_coeff:
- - [-5.115041886154056]
  - [-1.381975850379509]
  - [29.101303032892073]
- - [0.9303210405150593]
  - [2.902430410467019]
  - [35.46828949565903]
- - [1.031455945556869]
  - [3.259728536615421]
  - [35.363284564798604]
- - [0.834326872207989]
  - [3.2031083837096657]
  - [34.87940475760077]
- - [3.6909203095646483]
  - [4.521753249107498]
  - [10.448834459599437]
- - [3.7109590864656403]
  - [4.496144083199772]
  - [10.451083973819395]
- - [3.6636355784177743]
  - [4.474351335118885]
  - [10.434160875762633]
- - [3.649636786417281]
  - [4.479088082632444]
  - [10.491212363214752]
- - [3.6899977157284782]
  - [4.533828804062433]
  - [10.537798879333073]
- - [3.7120375272258332]
  - [4.5573728789600985]
  - [10.532410732609605]
- - [3.738611606585415]
  - [4.581072359070805]
  - [10.535082320153041]
- - [3.768516267211317]
  - [4.60497898291713]
  - [10.543406023302177]
- - [3.796227962751433]
  - [4.628575877839839]
  - [10.538578083415453]
- - [3.820372207398165]
  - [4.651699902197404]
  - [10.545759285283228]
- - [3.8378742314277847]
  - [4.672424164441422]
  - [10.549423584992157]
- - [3.8477077355892924]
  - [4.689986809642404]
  - [10.54877833198378]
- - [-0.9112259139476504]
  - [-2.394677901876586]
  - [11.441991254683954]
- - [-0.9064098578986723]
  - [-2.3844058282361584]
  - [11.432826562519274]
- - [3.847770981471524]
  - [4.731621342824327]
  - [10.568347736709935]
- - [3.8381135304167215]
  - [4.731251830811314]
  - [10.784592947513612]
